Alternate
Best score = 275
[(1, 6), (3, 5), (3, 6), (3, 5), (5, 9), (7, 4), (8, 5), (5, 2), (9, 2), (3, 1)]
[(1, 6), (3, 5), (3, 6), (3, 5), (5, 9), (7, 4), (8, 5), (5, 2), (9, 2), (3, 1)]
[(1, 6), (3, 6), (5, 9), (3, 5), (8, 5), (3, 5), (7, 4), (5, 2), (9, 2), (3, 1)]
[(1, 6), (3, 6), (5, 9), (3, 5), (3, 5), (7, 4), (8, 5), (5, 2), (9, 2), (3, 1)]
[(1, 6), (3, 6), (5, 9), (3, 5), (3, 5), (7, 4), (8, 5), (5, 2), (9, 2), (3, 1)]
[(1, 6), (3, 6), (5, 9), (3, 5), (8, 5), (3, 5), (7, 4), (5, 2), (9, 2), (3, 1)]
[(3, 6), (1, 6), (5, 9), (3, 5), (8, 5), (3, 5), (5, 2), (7, 4), (9, 2), (3, 1)]
[(3, 6), (1, 6), (5, 9), (3, 5), (8, 5), (3, 5), (5, 2), (7, 4), (9, 2), (3, 1)]
Ordre des pizzas théorique:
Best score = 303 | Array = [(1, 6), (3, 6), (5, 9), (3, 5), (3, 5), (8, 5), (7, 4), (5, 2), (3, 1), (9, 2)]


Align
Best score = 1831
[(6, 10), (4, 5), (10, 10), (2, 2), (6, 5), (10, 8), (10, 7), (9, 5), (5, 2), (10, 4)]
[(6, 10), (4, 5), (10, 10), (2, 2), (6, 5), (10, 8), (10, 7), (9, 5), (10, 4), (5, 2)]
[(6, 10), (4, 5), (2, 2), (10, 10), (6, 5), (10, 8), (10, 7), (9, 5), (5, 2), (10, 4)]
[(6, 10), (4, 5), (2, 2), (10, 10), (6, 5), (10, 8), (10, 7), (9, 5), (10, 4), (5, 2)]
Ordre des pizzas théorique:
Best score = 1831 | Array = [(6, 10), (4, 5), (10, 10), (2, 2), (6, 5), (10, 8), (10, 7), (9, 5), (5, 2), (10, 4)]
Best score = 734
[(4, 8), (8, 10), (3, 3), (4, 4), (7, 5), (5, 2), (10, 4), (7, 1), (9, 1)]
[(4, 8), (8, 10), (3, 3), (4, 4), (7, 5), (10, 4), (5, 2), (7, 1), (9, 1)]
[(4, 8), (8, 10), (4, 4), (3, 3), (7, 5), (5, 2), (10, 4), (7, 1), (9, 1)]
[(4, 8), (8, 10), (4, 4), (3, 3), (7, 5), (10, 4), (5, 2), (7, 1), (9, 1)]
Ordre des pizzas théorique:
Score = 734 | Array = [(4, 8), (8, 10), (3, 3), (4, 4), (7, 5), (5, 2), (10, 4), (7, 1), (9, 1)]
[540.99 ms] 17: huber (U) C:\..\2-TFJM-2021\Exercice3> python .\generatePizzas.py | python .\testeCombi.py
Best score = 690
[(1, 6), (3, 10), (3, 9), (4, 10), (3, 2), (8, 5), (9, 4), (8, 3), (7, 2)]
Ordre des pizzas théorique:
Score = 690 | Array = [(1, 6), (3, 10), (3, 9), (4, 10), (3, 2), (8, 5), (9, 4), (8, 3), (7, 2)]
[561.87 ms] 18: huber (U) C:\..\2-TFJM-2021\Exercice3> python .\generatePizzas.py | python .\testeCombi.py
Best score = 935
[(2, 10), (3, 10), (3, 9), (3, 8), (4, 6), (3, 4), (7, 8), (9, 9), (3, 1)]
Ordre des pizzas théorique:
Score = 935 | Array = [(2, 10), (3, 10), (3, 9), (3, 8), (4, 6), (3, 4), (7, 8), (9, 9), (3, 1)]
[514.76 ms] 19: huber (U) C:\..\2-TFJM-2021\Exercice3> python .\generatePizzas.py | python .\testeCombi.py
Best score = 1167
[(6, 7), (8, 8), (1, 1), (6, 6), (10, 9), (8, 6), (6, 3), (9, 3), (8, 1)]
[(6, 7), (8, 8), (6, 6), (1, 1), (10, 9), (8, 6), (6, 3), (9, 3), (8, 1)]
[(6, 7), (1, 1), (8, 8), (6, 6), (10, 9), (8, 6), (6, 3), (9, 3), (8, 1)]
[(6, 7), (1, 1), (6, 6), (8, 8), (10, 9), (8, 6), (6, 3), (9, 3), (8, 1)]
[(6, 7), (6, 6), (8, 8), (1, 1), (10, 9), (8, 6), (6, 3), (9, 3), (8, 1)]
[(6, 7), (6, 6), (1, 1), (8, 8), (10, 9), (8, 6), (6, 3), (9, 3), (8, 1)]
Ordre des pizzas théorique:
Score = 1167 | Array = [(6, 7), (8, 8), (1, 1), (6, 6), (10, 9), (8, 6), (6, 3), (9, 3), (8, 1)]